
--------------------------------------------------
FOUND: The matrix is not totally unimodular.
Matrix is:
[[1. 1. 0. 0. 0. 0.]
 [1. 1. 1. 0. 0. 0.]
 [0. 1. 1. 0. 0. 0.]
 [0. 0. 0. 1. 1. 0.]
 [0. 0. 0. 1. 1. 1.]
 [0. 0. 0. 0. 1. 1.]
 [1. 0. 0. 1. 0. 0.]
 [0. 1. 0. 0. 1. 0.]
 [0. 0. 1. 0. 0. 1.]]

Size of the submatrix with the error: 5x5
Determinant value: -2.0
Row indices: (0, 2, 4, 6, 8)
Column indices: (0, 1, 2, 3, 5)
Submatrix with the error:
[[1. 1. 0. 0. 0.]
 [0. 1. 1. 0. 0.]
 [0. 0. 0. 1. 1.]
 [1. 0. 0. 1. 0.]
 [0. 0. 1. 0. 1.]]
--------------------------------------------------
--------------------------------------------------
FOUND: The matrix is not totally unimodular.
Matrix is:
[[1. 0. 1. 0. 0. 0.]
 [1. 1. 1. 0. 0. 0.]
 [0. 1. 1. 0. 0. 0.]
 [0. 0. 0. 1. 0. 1.]
 [0. 0. 0. 1. 1. 1.]
 [0. 0. 0. 0. 1. 1.]
 [1. 0. 0. 1. 0. 0.]
 [0. 1. 0. 0. 1. 0.]
 [0. 0. 1. 0. 0. 1.]]

Size of the submatrix with the error: 5x5
Determinant value: 2.0
Row indices: (0, 2, 4, 6, 7)
Column indices: (0, 1, 2, 3, 4)
Submatrix with the error:
[[1. 0. 1. 0. 0.]
 [0. 1. 1. 0. 0.]
 [0. 0. 0. 1. 1.]
 [1. 0. 0. 1. 0.]
 [0. 1. 0. 0. 1.]]
--------------------------------------------------
--------------------------------------------------
FOUND: The matrix is not totally unimodular.
Matrix is:
[[1. 1. 0. 0. 0. 0.]
 [1. 1. 1. 0. 0. 0.]
 [1. 0. 1. 0. 0. 0.]
 [0. 0. 0. 1. 1. 0.]
 [0. 0. 0. 1. 1. 1.]
 [0. 0. 0. 1. 0. 1.]
 [1. 0. 0. 1. 0. 0.]
 [0. 1. 0. 0. 1. 0.]
 [0. 0. 1. 0. 0. 1.]]

Size of the submatrix with the error: 5x5
Determinant value: 2.0
Row indices: (0, 2, 4, 7, 8)
Column indices: (0, 1, 2, 4, 5)
Submatrix with the error:
[[1. 1. 0. 0. 0.]
 [1. 0. 1. 0. 0.]
 [0. 0. 0. 1. 1.]
 [0. 1. 0. 1. 0.]
 [0. 0. 1. 0. 1.]]
--------------------------------------------------
--------------------------------------------------
FOUND: The matrix is not totally unimodular.
Matrix is:
[[1. 0. 1. 0. 0. 0.]
 [1. 1. 1. 0. 0. 0.]
 [1. 1. 0. 0. 0. 0.]
 [0. 0. 0. 1. 0. 1.]
 [0. 0. 0. 1. 1. 1.]
 [0. 0. 0. 1. 1. 0.]
 [1. 0. 0. 1. 0. 0.]
 [0. 1. 0. 0. 1. 0.]
 [0. 0. 1. 0. 0. 1.]]

Size of the submatrix with the error: 5x5
Determinant value: -2.0
Row indices: (0, 2, 4, 7, 8)
Column indices: (0, 1, 2, 4, 5)
Submatrix with the error:
[[1. 0. 1. 0. 0.]
 [1. 1. 0. 0. 0.]
 [0. 0. 0. 1. 1.]
 [0. 1. 0. 1. 0.]
 [0. 0. 1. 0. 1.]]
--------------------------------------------------
--------------------------------------------------
FOUND: The matrix is not totally unimodular.
Matrix is:
[[0. 1. 1. 0. 0. 0.]
 [1. 1. 1. 0. 0. 0.]
 [1. 0. 1. 0. 0. 0.]
 [0. 0. 0. 0. 1. 1.]
 [0. 0. 0. 1. 1. 1.]
 [0. 0. 0. 1. 0. 1.]
 [1. 0. 0. 1. 0. 0.]
 [0. 1. 0. 0. 1. 0.]
 [0. 0. 1. 0. 0. 1.]]

Size of the submatrix with the error: 5x5
Determinant value: -2.0
Row indices: (0, 2, 4, 6, 7)
Column indices: (0, 1, 2, 3, 4)
Submatrix with the error:
[[0. 1. 1. 0. 0.]
 [1. 0. 1. 0. 0.]
 [0. 0. 0. 1. 1.]
 [1. 0. 0. 1. 0.]
 [0. 1. 0. 0. 1.]]
--------------------------------------------------
--------------------------------------------------
FOUND: The matrix is not totally unimodular.
Matrix is:
[[0. 1. 1. 0. 0. 0.]
 [1. 1. 1. 0. 0. 0.]
 [1. 1. 0. 0. 0. 0.]
 [0. 0. 0. 0. 1. 1.]
 [0. 0. 0. 1. 1. 1.]
 [0. 0. 0. 1. 1. 0.]
 [1. 0. 0. 1. 0. 0.]
 [0. 1. 0. 0. 1. 0.]
 [0. 0. 1. 0. 0. 1.]]

Size of the submatrix with the error: 5x5
Determinant value: 2.0
Row indices: (0, 2, 4, 6, 8)
Column indices: (0, 1, 2, 3, 5)
Submatrix with the error:
[[0. 1. 1. 0. 0.]
 [1. 1. 0. 0. 0.]
 [0. 0. 0. 1. 1.]
 [1. 0. 0. 1. 0.]
 [0. 0. 1. 0. 1.]]
--------------------------------------------------